35
13
2 2
2 2
1 1 2 1
2 1 1 2 2
2 1 1 1 2 1
1 1 1 1 4 1
2 1 1 1 1 2 1 2
1 1 1 1 1 1 1 3
1 1 1 1 1 1 2 3
2 1 1 1 1 1 2 4
1 13 1 1 4
4 2 2 2 1
3 3 3 5 3
1 1 2 1 1 2 2 2
2 1 1 1 1 3 1
2 1 2 1 2 2 1 2
3 4 4 2 1 2
1 1 2 2 3 1 2
1 1 1 1 3 3
3 1 1 2 1 2 1
1 3 7 2 2
2 5 1 2 4
1 2 2 2
1 2 2 2 4 2
1 8 4 3
2 5 2 1 1
2 1 1 3
1 2 1 1 2 1 1
3 2 2 1 1 1 2
3 1 2 1 1 1 1 3
2 2 2 4 3 1
2 2 1 1 2 1 3
2 1 2 1 1 4
15
25
3 3 6
4 3 3 4
4 9 2
3 2 2 1 4
2 1 4 2 2 2 3
3 1 2 6 1 2
2 1 1 3 2 2 2 2
2 1 1 5 2 2 2 1
1 1 2 2 2 2 3
1 1 1 1 2 2 2 1
1 1 1 2 5 1 2 2 1
1 1 1 1 1 1 2 1 2 4
1 1 1 1 2 2 3 1 1 2 2
1 1 1 1 1 1 4 1 3 1
1 1 1 1 2 4 2 1
1 1 1 1 1 2 3 2 3 2
1 2 1 1 1 2 3 2 2 1
1 4 1 1 9 2 2 3
1 6 4 1 8 1 1
2 1 4 6 4 4 2
2 1 2 2 1 2 4
3 1 3 4 2 2 3 1
10 4 1 3 2 2
5 1 2 1 2 1 1 1
5 2 1 1 3